ce-lab -- championship-equity laboratory
SYNTHETIC DATA ONLY. No real player distributions are used anywhere.

20,000 seasons, seed 20260904, 15.22s (1,314 seasons/s)

team           CE   +/-95%  playoff     bye   pts/wk    >med     h2h    wins   seed  slots
------------------------------------------------------------------------------------------
Team06     0.1258   0.0046   0.6366  0.2666    97.58  0.5577  0.5425   15.40   5.36  7.986
Team04     0.1123   0.0044   0.5850  0.2199    96.35  0.5347  0.5264   14.86   5.80  7.987
Team07     0.1011   0.0042   0.5603  0.2037    95.75  0.5252  0.5187   14.61   6.01  7.987
Team01     0.0965   0.0041   0.5489  0.1932    95.51  0.5200  0.5146   14.48   6.10  7.986
Team05     0.0881   0.0039   0.5203  0.1716    94.85  0.5080  0.5050   14.18   6.34  7.986
Team02     0.0822   0.0038   0.5041  0.1646    94.48  0.5015  0.5019   14.05   6.45  7.986
Team08     0.0790   0.0037   0.4898  0.1568    94.21  0.4953  0.4967   13.89   6.60  7.986
Team11     0.0760   0.0037   0.4746  0.1485    93.88  0.4902  0.4923   13.75   6.71  7.986
Team03     0.0661   0.0034   0.4431  0.1310    93.18  0.4762  0.4824   13.42   6.97  7.986
Team09     0.0608   0.0033   0.4269  0.1252    92.79  0.4697  0.4786   13.28   7.09  7.986
Team12     0.0599   0.0033   0.4273  0.1173    92.74  0.4686  0.4772   13.24   7.11  7.986
Team10     0.0522   0.0031   0.3832  0.1016    91.86  0.4528  0.4637   12.83   7.45  7.986
------------------------------------------------------------------------------------------
sum        1.0000
